11 33 60
50 7 11
14 72 80
39 54 5
79 52 21
24 47 74
25 91 53
71 11 16
39 87 64
78 71 91
21 31 67
51 65 59
5 65 6
12 75 79
57 47 86
79 51 89
71 59 22
64 36 55
3 72 84
56 34 1
37 15 50
43 24 49
31 25 86
94 50 67
39 29 78
83 68 94
48 82 65
93 59 37
91 50 50
55 84 55
22 39 86
55 10 38
32 87 50
68 32 65
85 82 26
86 45 81
11 29 98
84 76 4
56 43 49
19 53 48
96 86 70
14 63 60
63 48 81
24 0 20
97 11 42
45 45 61
65 39 67
28 50 48
75 83 62
29 90 80
97 98 68
72 57 67
87 3 59
11 22 48
47 7 16
0 9 1
0 23 28
13 22 63
55 65 90
17 75 95
25 61 33
10 27 51
47 67 86
59 5 83
32 44 9
14 5 32
50 44 29
35 13 42
91 68 47
42 0 70
72 40 42
90 38 96
23 97 54
36 58 27
89 82 92
3 89 25
20 16 29
4 0 93
61 30 64
0 97 97
73 89 77
79 55 9
3 42 16
49 50 15
2 63 13
65 55 10
11 33 50
60 77 44
32 4 85
32 84 54
58 80 24
16 65 92
16 93 57
52 83 59
34 40 37
90 46 38
5 66 73
70 5 26
92 46 18
16 75 23
73 82 73
93 34 13
19 82 93
91 71 26
54 6 9
89 46 45
21 67 9
54 58 90
76 29 12
18 51 67
27 14 10
1 19 10
43 48 9
4 62 37
5 51 39
66 63 67
89 54 93
93 53 22
6 29 68
86 38 79
14 39 7
28 41 49
47 25 57
63 97 82
52 32 18
8 86 64
72 49 59
61 29 97
48 32 24
83 27 94
55 60 1
60 89 84
30 96 33
95 32 93
43 53 98
31 26 37
1 89 9
86 79 98
23 8 75
5 80 90
61 6 27
42 43 3
16 76 15
20 83 20
10 31 90
32 35 43
55 39 41
23 84 1
33 44 78
12 26 90
54 82 0
8 23 32
47 28 14
75 41 59
45 64 14
95 19 51
24 7 21
59 52 86
8 44 52
9 46 89
76 45 12
7 1 18
15 35 29
37 43 15
93 67 55
8 20 10
14 2 51
45 80 87
12 26 14
57 61 4
73 24 84
74 50 74
92 0 77
26 26 50
24 17 7
72 96 96
52 11 30
13 85 8
87 81 59
94 68 28
21 22 14
18 66 20
12 69 27
86 94 66
30 31 38
45 43 48
5 82 43
94 77 61
77 92 45
45 16 60
87 70 27
38 43 45
81 2 45
10 46 31
50 36 30
4 44 61
91 68 34
40 19 31
10 97 8
71 58 69
62 52 92
2 76 57
31 23 70
29 49 58
74 12 37
3 17 27
82 41 64
31 38 52
55 15 90
57 17 19
41 24 84
8 85 44
95 1 91
34 47 88
48 43 87
86 36 95
46 88 81
45 69 84
36 94 24
37 62 43
96 91 62
54 2 36
87 72 20
94 33 50
56 51 76
56 89 7
53 38 18
41 24 64
81 1 36
53 89 22
39 27 4
10 87 1
71 72 16
60 2 15
29 21 22
23 85 71
30 30 36
89 42 13
16 19 15
93 12 96
79 57 91
23 57 30
75 26 26
25 51 33
88 74 34
1 62 13
5 57 89
42 12 13
20 14 53
14 68 36
63 11 81
36 95 25
78 49 70
21 90 15
74 86 27
15 58 27
49 90 44
63 23 27
70 39 19
28 80 75
97 66 98
7 87 31
62 92 68
11 23 77
30 19 57
79 4 57
32 85 50
2 67 19
76 40 28
42 82 40
86 95 33
69 35 29
71 98 89
53 62 30
49 97 37
4 72 32
17 42 22
7 94 57
4 36 13
0 53 71
13 77 82
64 92 15
10 30 6
13 74 26
75 72 11
93 61 61
2 67 75
1 26 9
64 67 91
53 11 15
66 27 31
6 95 26
66 91 44
16 13 86
89 73 81
59 46 46
40 98 83
37 30 33
35 53 97
60 78 63
47 82 59
26 93 86
81 21 75
40 54 18
58 9 10
12 50 28
96 94 76
61 70 26
25 91 19
22 80 56
41 63 30
26 2 65
36 53 67
35 36 76
74 23 32
78 39 94
85 28 83
64 60 40
90 85 90
13 64 49
45 90 87
91 0 88
94 31 58
76 38 43
54 51 88
84 63 60
32 51 27
11 36 93
21 0 17
10 70 60
22 79 97
25 24 82
14 50 62
5 29 74
25 83 24
80 75 24
9 61 78
86 29 44
86 91 0
39 65 15
71 63 70
93 6 32
81 36 4
93 52 82
8 10 13
45 64 88
22 2 64
36 68 62
79 28 40
45 5 91
26 79 59
84 83 6
85 15 42
84 31 53
68 10 86
66 70 33
39 34 84
30 44 77
82 79 59
68 95 42
67 12 3
71 34 83
12 88 98
11 54 1
6 70 65
34 30 42
4 18 19
33 64 68
3 47 20
68 52 46
56 57 13
74 15 31
43 14 40
34 33 83
80 50 5
9 50 8
96 64 61
74 92 79
39 88 49
41 50 56
80 52 40
73 84 32
92 59 41
47 78 31
94 83 82
28 89 41
85 57 39
10 83 49
79 21 59
70 93 96
79 11 89
40 53 67
92 25 64
94 9 97
57 27 34
89 46 59
35 84 83
51 98 3
70 55 25
24 15 79
40 1 55
21 58 18
97 44 32
61 0 13
22 45 61
24 53 84
2 73 1
64 62 87
59 55 95
44 23 59
29 93 74
2 88 92
38 57 87
23 95 66
66 43 26
52 48 52
34 25 21
58 97 34
13 48 26
82 56 0
44 16 72
19 64 46
67 60 96
87 6 55
69 93 88
89 95 27
84 45 59
62 82 84
2 92 23
67 62 32
97 70 34
3 8 4
52 67 85
10 94 7
32 61 46
48 21 75
24 19 86
23 22 39
93 57 74
13 57 15
41 54 78
50 17 23
61 9 71
24 28 9
20 80 51
81 85 36
24 51 13
54 95 93
16 86 32
60 98 76
67 70 61
72 17 50
8 25 60
77 14 63
43 35 75
50 33 27
91 14 89
84 22 59
94 7 35
14 90 15
98 0 32
63 52 4
51 49 51
20 74 80
36 93 28
78 53 38
14 16 89
91 92 27
95 49 8
35 81 55
43 0 41
82 87 51
49 3 84
88 37 68
94 38 74
94 44 41
10 52 21
52 57 7
45 92 37
12 40 34
51 65 60
62 51 70
87 15 8
97 27 51
91 79 26
98 78 92
5 69 83
62 52 48
13 13 21
93 47 4
63 46 92
52 88 93
37 21 91
13 92 23
47 30 95
1 81 26
60 91 92
5 53 59
33 98 95
9 2 90
5 61 26
6 37 8
13 27 16
72 28 76
51 78 35
15 68 29
45 50 78
60 60 87
78 29 61
79 20 98
92 85 79
10 31 31
45 33 43
56 40 97
37 31 3
44 84 83
12 66 62
38 40 47
52 45 63
30 47 65
92 9 18
50 28 40
26 49 21
82 19 75
36 28 48
86 8 86
90 94 13
24 42 59
70 58 1
25 59 59
14 9 26
7 89 18
71 26 24
86 93 11
83 98 67
75 50 70
89 23 44
55 56 71
20 32 70
68 7 29
44 82 26
1 12 36
74 35 5
39 41 62
58 93 80
74 92 41
18 10 57
42 91 44
71 89 55
41 52 98
3 75 98
75 86 78
11 94 73
21 20 19
28 5 81
13 89 10
56 92 29
50 56 87
27 52 8
78 12 88
86 88 93
55 74 60
57 21 45
20 49 52
35 42 70
17 95 69
12 93 94
38 50 37
35 0 11
39 73 36
24 43 89
76 3 42
80 42 48
92 69 31
68 35 4
22 10 57
3 18 33
19 40 28
42 0 81
38 32 13
34 7 22
46 1 91
44 32 76
76 62 83
4 97 70
62 69 89
68 23 46
47 79 88
32 79 79
10 8 56
59 43 74
93 20 4
17 37 41
88 36 36
65 53 2
77 84 98
86 78 18
14 34 49
13 84 39
37 14 96
68 0 63
49 21 86
23 90 19
0 80 74
8 93 67
77 96 45
54 43 49
45 27 73
15 33 48
78 60 49
18 58 91
70 19 98
11 15 92
49 69 97
26 4 43
8 92 30
1 59 63
43 46 13
12 90 92
38 64 51
41 6 59
14 9 53
38 56 0
55 13 64
91 41 85
56 79 42
41 28 22
77 32 53
32 63 52
48 10 15
21 36 12
84 90 96
54 43 38
40 10 76
45 8 98
5 81 83
98 89 52
67 30 1
65 6 49
90 5 43
98 65 3
90 59 22
37 63 73
0 52 63
59 15 54
34 2 86
41 25 77
80 94 94
46 0 33
16 74 50
57 26 92
25 49 73
98 74 13
80 56 52
78 2 63
96 65 86
68 32 80
43 5 6
41 33 59
88 17 80
82 51 8
65 60 26
56 37 47
25 68 80
75 44 0
72 21 55
74 1 63
96 46 5
92 53 30
60 89 18
70 38 55
58 67 20
58 21 57
76 96 51
5 58 48
30 39 8
49 69 72
50 40 31
2 69 86
89 18 42
25 95 80
91 31 4
61 39 45
69 25 28
46 43 28
1 17 28
48 72 25
71 29 97
96 67 33
69 95 11
98 89 75
25 15 25
88 61 45
15 71 68
52 39 8
94 79 44
70 57 80
44 58 36
32 7 58
69 47 75
94 96 81
1 43 8
50 24 62
15 64 90
35 31 29
9 33 86
46 75 71
73 29 14
32 24 29
54 29 88
94 3 87
47 61 18
3 96 52
5 7 83
72 82 33
52 17 46
0 45 77
45 93 39
86 8 41
3 17 95
33 31 89
32 97 31
36 79 71
72 86 15
94 89 44
16 34 58
4 90 30
52 23 4
52 87 69
36 28 69
24 57 53
4 5 0
13 84 18
11 32 57
41 55 86
55 36 69
65 47 49
19 61 56
52 46 72
62 77 64
13 87 86
75 69 59
81 50 59
92 68 56
65 75 50
18 35 4
13 32 72
11 13 37
51 12 41
70 94 23
68 14 6
54 7 1
67 1 30
76 44 29
93 11 35
24 16 79
36 48 60
35 39 70
85 63 19
2 67 42
64 31 97
69 12 83
54 54 28
50 36 7
74 94 26
49 26 93
87 22 50
88 44 92
32 7 27
39 32 41
10 90 85
42 27 50
77 90 89
48 11 92
92 72 19
61 91 74
93 5 85
17 70 45
9 66 46
10 41 97
53 21 23
81 31 97
53 71 51
19 6 91
44 64 96
28 49 21
45 86 12
77 31 90
29 65 95
65 73 20
28 36 66
25 28 25
85 68 64
36 50 97
87 49 42
95 10 11
66 98 44
72 73 30
86 98 82
98 14 57
65 76 27
6 41 90
64 50 65
70 53 92
96 96 0
90 48 0
52 17 89
17 84 65
76 90 11
84 10 51
75 0 63
68 94 12
83 43 6
50 88 56
49 9 76
59 37 62
53 90 31
0 81 85
80 9 98
14 15 9
54 30 47
67 16 91
40 26 88
88 62 62
6 43 28
48 77 30
11 39 41
90 87 51
68 55 97
39 70 72
7 76 13
44 84 88
18 59 68
89 76 72
20 63 25
74 46 85
54 87 40
2 54 11
64 27 14
17 15 82
72 4 63
21 75 56
94 84 21
76 10 20
58 22 90
5 76 93
12 62 51
18 30 89
84 0 83
69 81 1
88 4 90
3 18 79
59 92 60
10 53 23
68 24 69
53 67 18
50 34 92
17 93 98
52 66 11
41 44 69
88 66 34
44 26 90
40 33 28
77 85 82
4 46 54
28 67 35
58 60 51
25 8 4
74 8 34
85 45 66
3 18 48
26 86 87
67 28 13
67 36 20
23 94 75
15 6 29
4 17 34
85 72 13
48 63 11
98 70 69
93 93 88
25 58 94
57 3 95
75 98 84
47 5 34
13 94 72
96 42 88
62 45 33
69 15 12
55 26 58
50 55 26
61 29 2
0 70 4
54 31 44
20 32 0
86 58 79
81 8 42
11 95 1
74 64 52
43 63 43
67 51 89
65 37 17
18 63 28
47 51 46
27 1 12
12 28 44
84 63 18
63 52 59
25 49 44
39 78 41
35 6 40
1 7 85
21 92 38
21 72 53
23 8 1
74 72 83
96 97 91
75 45 51
51 66 73
7 95 3
69 42 22
69 58 84
54 36 44
94 24 77
85 47 28
62 37 9
30 45 94
10 90 96
84 67 75
34 34 80
37 48 39
54 69 54
73 66 97
7 97 30
54 18 28
86 97 14
10 50 22
64 47 79
46 28 46
94 11 38
11 42 91
96 59 25
31 47 8
43 72 71
7 55 80
31 47 8
16 32 7
80 63 62
62 77 39
54 21 85
16 77 90
29 80 63
80 58 75
10 58 36
10 19 72
80 36 80
25 27 1
59 51 43
41 14 62
13 0 10
50 79 22
52 53 46
92 36 0
95 61 85
27 33 47
91 77 42
62 59 50
77 27 10
30 34 9
50 1 26
55 2 82
96 30 29
49 9 27
85 18 17
46 84 60
47 58 79
66 77 87
39 90 8
57 76 40
59 4 7
86 98 98
59 89 32
5 60 87
3 88 32
0 71 60
58 81 66
84 45 84
61 2 15
70 54 61
39 17 24
43 81 46
62 12 40
45 94 51
47 84 86
97 80 58
28 1 32
18 60 77
33 0 47
98 21 81
37 57 9