58 87 36
42 58 59
1 92 93
44 57 2
16 23 93
48 14 48
87 1 34
75 31 26
10 93 36
34 50 70
61 60 20
49 77 32
67 24 15
69 58 95
73 37 65
48 84 83
12 4 42
43 19 73
79 74 36
13 81 60
1 53 95
7 37 4
10 63 27
29 22 16
85 26 4
68 47 53
18 66 88
13 86 4
29 88 73
59 7 37
82 70 9
41 52 54
18 39 84
6 72 6
13 48 11
73 50 88
58 49 25
92 78 82
17 29 20
51 14 20
42 32 80
4 64 29
96 53 73
55 26 65
25 14 2
32 75 37
71 1 70
27 82 68
61 2 40
16 75 38
47 52 51
22 77 63
50 0 94
92 72 59
11 37 26
65 45 10
62 54 67
54 37 20
28 1 65
7 24 53
87 57 70
48 84 65
20 56 3
12 40 70
67 23 14
27 38 4
69 89 34
68 37 78
19 15 48
27 58 0
42 84 70
52 22 25
9 69 96
66 29 74
87 32 46
69 62 45
0 41 72
22 51 93
1 68 30
55 45 14
6 56 57
6 34 16
82 44 80
54 86 76
11 30 41
11 40 18
98 28 82
10 41 52
53 47 93
87 55 69
47 41 35
75 14 64
41 34 35
93 98 16
42 96 10
63 91 33
31 72 55
39 91 51
10 80 13
30 14 35