48 36 72
43 22 12
51 20 69
97 40 58
31 17 70
58 86 6
34 97 40
62 65 98
54 43 83
16 7 86
64 4 74
74 94 93
55 32 55
35 83 73
55 32 3
46 1 57
33 35 60
94 44 4
82 11 50
24 93 40
20 97 24
42 45 59
6 51 87
11 36 11
4 42 25
20 33 4
40 87 52
37 81 87
70 26 59
91 37 14
55 17 96
82 90 94
90 76 33
83 55 5
87 82 22
19 93 12
59 79 87
81 48 38
23 67 18
84 76 6
46 41 34
51 27 44
63 52 12
87 67 33
76 66 31
77 87 6
29 75 76
61 42 67
31 42 61
80 24 39
49 21 60
51 41 12
70 81 50
4 16 35
37 68 58
39 55 20
73 92 43
68 72 29
77 56 10
6 82 62
72 55 85
42 5 27
33 44 4
94 77 29
72 48 69
31 56 86
57 24 73
69 12 94
66 9 94
46 16 12
45 1 13
48 60 28
43 50 19
19 96 57
57 22 86
39 74 8
32 52 19
79 50 18
3 4 67
16 0 13
61 82 8
48 54 59
55 7 36
20 41 49
40 17 56
52 16 28
31 30 68
52 56 26
63 43 84
79 98 40
40 85 32
41 38 57
70 35 47
64 11 66
56 66 23
42 30 0
61 10 63
70 74 52
0 31 67
37 98 19
83 45 13
55 81 73
42 77 8
71 79 60
28 86 56
0 44 58
32 57 81
81 61 63
8 59 51
91 81 16
70 46 67
29 85 32
69 96 36
89 11 77
98 48 59
8 51 85
12 89 81
29 62 10
23 72 81
93 70 54
27 71 24
7 52 39
1 54 82
85 87 58
81 82 63
59 17 58
66 30 86
86 78 89
81 3 19
13 27 72
95 34 39
51 32 87
60 90 16
86 16 95
9 1 89
48 27 12
24 15 64
31 13 62
42 1 9
20 60 19
52 87 60
19 25 12
25 49 22
3 16 32
38 81 51
75 46 59
32 64 19
48 82 74
18 50 92
17 86 19
66 88 9
31 7 98
84 49 81
22 75 62
43 78 49
33 76 42
36 72 92
12 30 51
63 11 85
49 11 21
31 37 60
12 87 12
85 75 43
7 89 23
94 83 88
39 70 42
41 33 33
89 1 39
30 18 23
71 18 5
54 27 81
88 5 67
74 73 69
97 18 65
5 62 49
69 83 11
24 71 86
39 78 36
75 25 64
21 43 23
38 37 13
17 18 73
52 80 63
9 24 63
15 16 10
14 32 91
87 66 46
33 7 12
34 32 65
5 5 39
47 88 12
46 97 36
96 85 77
77 7 26
34 9 78
6 74 1
90 86 26
30 54 23
66 44 28
6 96 68
92 45 77
64 93 46
85 77 92
71 37 87
24 62 70
71 19 65
91 3 6
66 15 91
75 20 90
23 2 68
86 51 48
47 54 20
94 89 87
9 54 44
15 36 86
68 19 31
65 72 10
27 45 46
75 90 85
78 71 62
78 0 87
35 26 76
25 24 51
76 46 80
98 96 68
77 38 83
7 88 80
82 69 67
62 72 38
68 83 65
5 85 44
1 85 7
90 54 5
84 16 24
15 41 78
87 11 97
1 92 75
87 57 29
96 45 95
19 47 78
45 83 37
96 83 56
12 8 84
73 1 67
7 63 39
95 48 14
10 95 28
95 39 20
51 43 67
34 32 72
94 97 6
55 93 66
90 39 41
28 19 58
47 24 52
39 56 63
26 83 95
62 61 87
17 77 70
24 33 36
10 61 4
59 15 72
3 22 93
95 2 82
11 33 67
34 29 46
54 36 65
47 5 29
59 80 82
5 74 82
29 2 45
30 53 26
15 35 91
83 69 39
8 38 37
37 49 32
38 81 63
85 54 19
24 93 47
83 78 94
2 24 33
36 17 61
67 89 85
78 48 30
26 49 82
29 12 4
94 97 93
1 81 91
14 32 92
93 29 0
92 17 82
89 79 49
3 66 0
7 93 81
84 30 45
77 97 25
3 72 58
71 6 43
57 70 37
71 69 9
60 39 11
17 56 44
28 25 12
92 38 56
51 35 96
70 24 70
0 89 84
52 36 25
19 10 9
93 60 20
72 31 40
65 85 12
23 47 77
81 19 74
73 61 61
47 46 47
98 38 63
14 43 22
61 29 42
23 12 20
46 63 41
50 44 36
77 53 30
78 79 11
22 53 56
36 75 18
1 25 77
39 21 4
27 17 86
57 30 49
48 59 81
55 66 73
74 71 84
68 45 79
43 39 63
59 64 51
49 66 74
19 83 96
3 23 86
47 62 75
83 61 85
66 76 53
43 74 20
32 10 91
13 62 32
66 73 54
80 85 6
77 5 75
80 62 58
40 4 68
40 91 52
96 23 65
78 3 7
47 42 96
11 55 22
31 46 5
73 22 2
75 19 62
23 73 74
20 29 0
33 77 64
43 44 18
70 13 41
7 19 23
11 78 29
23 79 25
84 6 38
64 10 60
1 52 59
74 0 34
58 30 21
86 60 1
86 98 25
18 87 98
7 6 92
12 16 15
77 37 55
17 57 84
91 84 14
37 80 90
12 95 8
39 13 46
52 25 86
64 9 91
32 30 27
83 75 67
17 32 18
16 70 42
5 6 35
32 77 81
68 93 30
10 53 84
10 56 18
28 60 32
31 17 87
80 24 90
77 70 40
4 15 48
23 44 67
74 50 21
85 16 52
86 55 85
25 80 82
15 57 15
93 92 70
17 35 69
34 43 46
91 85 86
8 83 80
55 21 83
71 47 16
81 37 91
78 16 17
63 79 50
60 91 44
13 59 22
30 84 40
74 41 7
24 49 90
75 63 90
23 57 14
4 16 62
66 52 34
89 33 34
8 57 81
48 5 3
95 6 78
75 3 71
88 65 58
81 1 51
53 84 27
8 98 39
16 18 59
48 16 68
21 31 11
95 43 79
5 54 55
39 2 90
90 48 8
90 52 39
74 28 35
55 55 20
61 5 79
26 86 91
0 45 85
90 29 25
7 38 60
34 4 29
81 87 50
18 50 97
38 62 13
48 11 22
1 14 75
2 65 86
18 29 90
2 42 15
13 54 49
96 18 13
15 43 68
41 21 60
1 82 56
5 22 14
96 35 24
94 36 4
86 2 33
44 55 37
16 10 50
1 2 47
44 59 37
25 44 45
63 45 73
97 96 55
95 87 97
8 2 71
30 70 44
56 50 43
69 43 75
2 8 11
90 79 42
30 34 36
14 91 81
44 5 49
55 96 68
63 32 45
66 88 91
9 78 19
59 23 20
21 5 6
46 49 0
56 48 29
45 29 45
79 52 97
23 97 48
52 86 46
70 71 7
0 19 76
26 34 74
43 24 52
90 79 27
45 18 14
92 44 65
84 68 48
14 83 40
41 74 31
92 15 87
59 32 82
18 29 63
60 98 94
6 80 92
12 72 58
75 12 75
42 7 45
31 47 59
22 25 51
39 28 95
23 50 13
95 87 27
41 13 49
50 90 4
61 51 94
57 95 59
14 30 96
49 79 52
57 18 57
0 19 48
69 72 55
55 15 69
9 42 98
93 66 56
63 73 13
90 42 50
23 97 71
15 79 10
8 25 91
89 21 78
41 1 1
55 75 33
51 35 66
61 52 31
56 58 0
88 94 12
90 30 13
56 87 88
24 82 32
97 61 76
90 45 95
42 33 81
2 95 38
54 14 81
21 37 94
85 20 92
43 46 40
36 37 21
24 87 34
51 34 94
84 43 95
72 16 22
75 44 89
75 78 75
26 34 91
76 91 12
63 4 23
81 31 71
66 38 93
33 66 68
94 15 67
68 58 29
52 56 40
44 35 96
69 42 85
82 52 76
2 17 95
36 36 58
82 81 58
69 93 96
82 21 38
36 9 85
72 61 36
44 57 4
22 27 34
40 72 75
88 55 35
56 59 89
34 42 59
27 12 88
27 18 82
31 2 64
62 59 27
16 22 43
12 2 24
84 80 55
41 13 27
10 97 78
84 82 69
75 70 26
34 9 36
46 2 87
64 19 30
84 8 81
12 43 71
50 77 32
46 97 41
65 76 42
55 98 37
78 75 19
43 36 23
68 54 35
11 70 3
62 2 66
33 52 19
27 71 96
59 61 60
1 7 55
62 41 62
68 9 38
79 70 16
51 15 78
7 36 43
69 70 10
41 39 35
24 8 3
26 19 59
62 93 21
15 35 22
96 58 56
58 88 9
32 76 34
4 76 1
14 19 68
74 41 31
42 86 1
37 68 59
26 45 86
57 78 1
75 47 50
49 37 27
15 32 14
48 32 61
85 87 92
11 13 4
53 28 71
24 68 12
12 52 82
25 63 65
53 82 47
55 52 4
26 90 81
31 35 16
85 43 76
43 87 27
62 84 13
79 80 42
39 14 3
96 5 79
72 73 84
38 17 33
39 51 18
64 74 47
12 0 59
90 90 90
91 80 69
9 77 16
68 59 3
5 59 25
88 16 83
33 55 61
66 45 27
86 30 12
45 78 63
75 36 74
42 79 93
80 14 70
24 33 29
9 14 69
63 6 60
22 54 89
28 23 27
0 41 75
73 96 23
46 3 8
66 94 96
65 37 17
89 56 38
69 97 17
18 75 21
52 59 78
93 55 2
51 93 23
85 14 63
8 7 86
18 65 4
57 80 98
1 38 80
1 89 0
50 23 50
25 87 56
36 61 98
90 45 41
42 8 74
19 15 63
35 9 19
29 50 84
84 61 41
95 61 75
74 49 72
17 30 96
32 88 83
70 73 19
60 94 23
41 92 0
72 1 32
93 47 94
33 63 71
78 40 58
78 81 69
94 41 15
11 41 82
70 25 26
5 63 86
37 83 68
22 10 45
42 79 78
67 10 76
25 11 16
71 33 75
92 1 25
25 5 46
5 31 44
48 63 45
97 24 94
30 57 79
71 37 12
22 20 16
61 65 87
26 87 33
39 74 30
73 13 64
70 9 40
66 21 66
55 56 9
18 55 50
95 40 7
6 6 31
58 84 78
26 26 86
0 46 12
45 73 60
12 87 54
11 43 25
33 60 51
20 61 42
24 40 15
87 66 25
57 8 76
58 22 41
77 60 34
70 2 29
50 32 0
0 82 4
0 50 94
1 61 36
95 83 41
37 31 44
77 57 43
15 63 66
40 22 55
50 36 61
0 82 9
64 79 10
33 73 67
50 26 69
49 58 46
68 15 34
63 63 3
15 37 44
71 10 34
49 6 18
96 21 51
88 83 83
95 6 7
73 44 65
71 86 36
66 80 41
25 51 47
4 15 34
39 5 93
41 42 84
34 73 71
23 1 15
41 52 70
71 64 5
17 14 72
53 19 70
21 97 6
87 81 77
5 13 17
3 86 37
96 97 89
79 80 34
47 73 21
14 46 52
51 84 68
62 60 37
51 89 68
5 94 64
61 69 1
36 19 51
93 80 83
48 47 55
42 91 7
90 76 93
78 88 16
96 28 85
5 43 31
5 47 68
35 87 15
61 93 59
71 25 91
24 90 4
36 50 45
39 49 94
14 33 75
65 48 35
69 9 81
70 88 49
90 19 55
54 28 84
18 61 61
23 22 29
83 19 74
67 23 0
22 25 10
9 82 74
30 65 88
68 49 97
88 46 49
14 27 51
61 35 7
31 87 34
32 7 13
5 3 68
96 72 13
67 31 43
63 73 50
76 24 70
83 62 74
46 22 21
7 89 89
94 47 52
63 45 84
44 18 67
1 31 31
42 68 78
25 36 14
80 89 90
21 26 64
49 31 25
16 75 6
62 18 15
89 74 50
72 98 31
2 23 3
92 10 48
15 16 98
11 91 81
15 70 23
57 50 21
48 88 16
78 16 90
18 48 20
38 46 90
13 90 94
16 49 32
63 73 6
77 51 11
20 52 48
66 95 73
93 37 14
32 80 80
8 7 84
7 6 22
14 64 89
28 64 95
16 70 0
45 22 37
12 23 7
71 16 26
56 75 66
11 12 64
31 30 69
6 86 10
53 88 98
44 34 29
41 16 8
18 29 83
12 2 47
22 85 75
31 31 81
64 35 3
45 66 47
9 5 80
41 89 62
74 82 45
27 88 84
25 47 4
19 88 61
97 95 39
45 85 87
30 67 27
0 78 53
88 55 28
58 78 42
50 66 97
10 34 71
59 59 95
33 9 82
16 9 95
91 72 60
54 34 20
1 91 29
27 19 61
84 25 79
71 96 51
1 79 19
62 79 58
54 5 27
18 11 72
80 49 89
63 72 57
10 69 74
12 25 71
19 9 18
92 12 55
11 22 56
89 76 3
83 54 18
85 74 28
14 19 95
44 0 95
46 94 49
37 0 46
42 13 15
17 26 18
66 72 74
20 86 61
69 46 1
37 7 68
48 3 32
44 86 70
44 42 85
32 75 25
76 51 96
29 58 25
84 75 84
95 46 55
50 33 49
34 42 35
18 83 9
63 49 66
83 69 47
97 67 23
75 93 35
29 48 11
61 54 20
12 70 82
88 53 73
16 52 95
19 95 59
44 65 89
46 2 73
64 48 92
15 43 49
74 43 93
18 32 67
64 1 45
19 88 13
53 62 2
41 26 36
14 85 5
82 34 7
34 44 17
10 7 67
83 39 81
66 57 18
21 34 40
37 90 80
62 63 91
76 95 79
30 43 72
27 44 10
58 94 68
10 70 98
65 2 30
69 11 86
87 41 49
79 91 86
2 63 81
25 16 81
16 24 91
14 58 5
98 65 30
53 18 73
33 18 66
72 89 25
38 62 0
67 61 75
79 20 23
1 95 80
59 53 32
78 36 85
98 44 75
67 23 32
80 36 16
1 24 91
91 83 48
55 78 94
14 96 20
68 17 41
39 11 8
81 33 39
36 58 23
91 0 14
96 11 32
93 15 38
32 17 79
9 87 43
94 66 14
54 81 67
62 88 39
17 17 18
91 55 76
65 5 60
46 31 29
18 58 21
43 46 78
56 46 4
58 96 84
72 6 14
61 54 41
80 48 56
46 90 89
88 28 66
91 54 8
3 5 81
12 98 55
95 59 31
76 28 85
52 44 2
15 77 8
9 24 39
67 40 67
58 8 37
3 89 73
48 56 68
5 31 9
95 79 63
63 26 44
53 41 32
64 98 59
14 33 85
21 19 5
10 39 31
30 66 18
9 74 35
46 94 10
32 81 51
77 21 50
72 21 74
0 15 40
89 61 16
83 51 55
61 32 74
17 68 18
68 19 85
38 81 76
69 75 67
52 65 11
71 83 69
1 60 94
95 71 95
49 49 64
88 67 3
33 23 38
45 12 37
86 35 73
94 33 7
34 24 59
32 92 68
66 49 61
95 7 91
15 42 2
39 68 92
19 11 82
7 93 13
43 60 31
26 69 22
21 81 81
25 26 48
51 63 15
73 0 3
40 31 90
21 81 82
44 58 6
48 25 69
67 24 90
12 10 98
93 31 49
17 66 82
32 29 75
88 62 37
98 85 67
38 60 43
35 20 51
50 67 51
51 79 72
94 90 56
92 25 82
35 95 60
13 12 70
57 12 13
12 44 50
43 53 58
32 50 33
77 75 83
69 85 4
74 85 22
64 88 48
66 80 96
29 13 4
87 88 10
13 29 75
60 5 34
0 82 72
75 19 91
13 34 74
70 37 4
16 93 18
1 10 16
92 77 80
20 79 85
27 94 58
32 7 88
82 42 85
70 39 34
49 16 26
74 49 57
60 34 70
23 4 68
94 7 71
30 39 90
72 63 10
64 3 90
17 20 66
75 32 76
81 34 17
61 85 58
96 57 83
86 66 2
68 8 8
2 87 28
49 32 67
41 11 52
18 66 91
32 82 97
12 75 77
44 40 9
97 7 52
90 66 40
88 46 65
2 82 94
45 95 17
75 20 88
84 89 55
43 64 74
38 44 18
17 11 71
78 25 2
11 62 36
36 73 29
53 44 57
39 90 55
9 42 82
20 2 9
4 35 63
42 21 74
51 55 41
35 56 66
41 78 83
36 69 1
12 62 46
35 2 18
74 8 72
61 19 79
41 83 1
77 74 85
67 37 66
89 5 32
14 86 61
41 49 84
64 52 67
14 49 66
91 76 72
68 64 20
93 26 73
94 80 81
50 47 9
20 60 74
38 37 46
35 96 47
1 30 18
9 36 90
85 36 91
64 58 91
22 79 46
34 74 49
59 18 23
70 12 96
13 58 23
14 26 34
76 5 77
73 33 81
87 4 65
95 0 80
74 59 70
84 96 68
29 94 1
33 12 29
33 25 36
69 66 64
77 62 57
4 83 39
53 9 50
51 89 11
79 62 57
37 54 14
38 15 76
1 27 24
18 32 48
20 39 31
5 38 2
66 44 43
67 25 87
8 57 85
83 32 84
38 56 42
30 29 41
55 52 69
80 23 61
19 72 6
5 88 50
4 26 65
26 12 59
74 25 87
4 60 70
48 79 96
98 12 10
24 34 10
1 88 48
83 32 75
54 50 59
84 57 31
92 90 85
28 25 1
76 54 42
98 71 91
63 83 48
59 51 18
7 67 53
64 36 59
16 96 59
41 92 7
70 5 82
80 23 27
60 58 94
36 2 50
41 78 42
91 81 47
12 3 94
90 11 88
23 83 59
64 30 12
66 21 61
30 30 26
35 27 37
75 65 92
89 19 51
62 12 44
87 86 45
12 98 27
93 54 21
45 39 88
81 11 36
26 64 57
78 14 61
65 26 30
37 73 81
53 5 46
20 87 49
50 1 65
49 65 69
39 34 24
77 44 52
66 29 21
55 45 69
49 32 69
76 30 15
91 32 51
42 33 53
13 98 10
93 78 28
63 74 2
5 2 53
88 19 52
80 1 67
65 10 76
85 6 34
79 93 31
56 80 70
81 46 7
71 83 52
21 5 34
69 59 50
23 43 88
64 61 41
25 25 67
70 67 98
38 90 67
17 98 20
84 78 86
9 36 56
84 73 55
54 60 17
1 92 74
9 8 44
63 80 9
30 70 42
13 55 65
97 28 72
78 97 75
5 7 73
42 76 72
14 1 12
24 61 0
31 3 51
78 82 50
78 24 14
91 64 92
50 22 49
34 93 3
90 5 20
57 74 14
53 81 3
82 48 33
91 97 58
35 7 4
97 19 35
37 44 60
73 38 89
40 8 26
27 56 50
48 2 64
2 67 76
84 5 30
90 28 6
27 8 59
77 5 38
81 54 74
34 17 77
13 72 43
34 86 90
35 29 31
10 31 84
13 22 2
88 41 64
65 80 36
79 68 17
9 71 34
69 92 72
47 71 63
73 26 26
56 68 17
56 78 37
14 48 32
60 33 5
73 15 84
85 28 89
34 14 46
89 30 61
4 74 27
72 26 9
39 24 93
2 94 4
18 29 76
79 89 12
32 89 98
57 79 14
16 55 2
72 98 45
54 96 11
61 43 14
48 85 10
11 24 4
6 51 57
22 70 25
72 77 10
70 94 96
76 39 22
50 50 32
74 50 95
95 93 30
13 15 18
44 60 24
8 71 68
1 84 21
17 96 65
26 82 61
4 88 67
52 15 24
16 54 64
61 69 45
10 2 74
89 80 84
91 54 8
77 14 8
77 59 88
82 77 93
6 45 64
4 31 66
5 85 54
54 46 45
78 33 33
17 72 72
90 88 48
37 63 31
28 63 76
39 1 27
0 69 61
70 13 9
84 49 5
88 14 59
39 26 72
70 2 1
57 77 42
12 12 8
59 73 50
81 26 97
66 11 97
86 62 76
2 79 18
90 88 32
47 53 97
93 24 79
31 50 85
1 3 30
6 25 47
27 58 1
77 57 32
9 96 60
41 90 95
10 48 18
38 2 92
32 64 26
94 76 28
12 82 80
37 77 30
5 48 27
64 60 67
45 53 95
97 5 12
11 84 23
13 8 77
51 31 26
77 77 33
9 25 1
62 33 93
32 7 13
70 59 40
41 24 88
29 46 46
45 3 91
13 10 95
92 37 0
18 41 90
21 12 43
15 26 38
82 59 54
2 24 46
17 6 48
62 49 27
43 9 8
40 77 54
83 37 71
18 10 18
67 26 90
7 15 36
20 39 10
64 79 44
74 15 23
3 98 67
28 84 21
32 30 15
35 18 22
31 41 88
63 34 1
93 45 22
26 72 53
22 45 2
79 47 61
14 69 57
30 38 1
21 19 56
81 93 5
47 48 19
53 4 49
87 90 4
50 21 11
12 26 81
89 83 60
17 5 56
51 34 7
1 87 38
19 84 25
49 0 11
42 98 19
32 97 59
95 38 5
49 13 96
54 19 50
0 57 84
13 43 72
74 45 89
61 29 10
30 95 52
51 96 10
85 85 8
88 82 79
93 63 47
93 66 39
72 12 89
58 27 55
79 16 88
33 63 88
28 88 33
74 91 64
88 55 8
29 68 36
65 50 9
2 72 18
13 49 29
32 92 82
76 12 85
3 43 22
49 94 52
21 17 12
22 31 5
46 77 41
96 68 37
97 70 33
82 35 96
47 29 7
12 82 6
57 13 36
57 24 96
65 74 24
73 93 21
94 56 60
7 66 4
77 18 25
18 0 74
61 7 1
18 38 50
67 89 29
56 5 11
62 39 16
83 7 92
33 28 87
6 5 73
92 28 97
47 94 64
9 65 44
48 28 0
58 18 43
25 4 51
31 58 0
47 72 24
34 25 7
17 29 49
72 50 92
78 11 64
78 11 98
2 5 0
4 5 77
42 22 7
77 76 2
50 24 85
18 50 95
55 0 2
66 84 57
64 54 63
5 31 63
89 93 12
58 46 1
44 58 54
10 29 54
49 86 23
42 71 54
89 22 68
62 81 18
53 17 69
77 36 90
84 50 79
80 62 36
9 60 24
11 59 92
13 61 22
89 93 34
16 53 36
80 74 53
9 41 72
75 9 34
79 59 95
0 63 5
27 23 17
49 34 37
28 12 78
30 21 61
87 14 72
74 31 30
51 97 58
43 48 88
43 86 24
82 39 31
84 51 25
12 31 34
76 9 70
75 30 56
0 82 69
66 25 78
47 93 22
17 40 30
54 41 34
87 46 85
92 24 67
93 91 31
1 54 88
49 47 28
47 52 89
43 37 61
77 72 90
86 80 48
23 59 93
51 41 80
23 75 71
21 27 67
27 87 84
23 58 15
73 3 68
23 82 52
74 6 48
55 85 23
18 37 17
26 42 20
45 58 27
56 9 21
36 94 52
50 23 49
90 37 39
45 11 88
50 91 96
89 7 53
41 4 75
46 37 92
92 49 10
15 34 36
79 9 76
86 81 83
56 76 71
2 20 7
2 50 11
27 46 23
72 78 17
39 46 51
6 44 59
83 51 54
98 86 67
2 68 89
19 57 77
72 5 91
98 15 59
1 63 50
35 44 38
10 21 78
68 23 15
48 83 25
57 76 11
72 45 66
34 85 54
5 40 9
6 14 88
29 11 41
31 68 93
86 12 14
50 66 79
92 18 97
28 40 87
44 14 42
26 58 21
56 56 95
13 94 10
40 74 23
90 43 74
48 40 67
37 58 62
37 36 14
34 72 90
23 1 84
60 66 13
33 45 33
80 0 94
88 16 16
19 42 16
78 0 75
73 92 72
86 0 84
32 63 18
59 53 73
93 35 89
38 58 80
23 66 92
48 62 56
57 40 31
58 2 30
53 13 20
49 43 80
69 56 13
84 3 77
66 83 98
76 80 61
12 34 79
10 68 83
91 33 63
73 8 88
4 58 8
82 30 83
17 95 73
17 44 11
16 79 37
5 89 30
26 13 85
13 26 4
59 85 70
19 10 29
0 65 49
59 90 78
94 65 18
43 93 58
77 48 24
85 34 94
17 59 0
32 90 11
92 23 9
62 97 79
75 39 82
88 82 42
51 62 86
54 58 47
16 5 12
22 56 97
94 25 55
19 87 47
90 84 16
77 11 72
55 70 7
29 64 30
2 3 25
87 58 74
71 65 28
72 78 90
8 60 85
13 14 57
8 38 30
14 54 26
21 71 4
8 81 19
91 11 63
30 1 12
57 57 21
41 46 40
46 37 53
50 55 0
57 55 19
66 35 41
69 45 76
8 59 63
72 52 58
44 2 75
48 12 44
32 90 32
71 5 69
44 24 16
45 29 78
31 31 24
15 15 98
40 68 7
71 32 75
6 13 85
25 75 39
16 22 1
58 87 43
64 22 31
75 31 59
14 41 53
61 85 42
14 35 6
9 98 57
37 50 68
44 58 55
77 96 94
53 11 23
70 34 32
25 55 56
0 4 20
41 17 53
8 27 76
32 84 56
3 57 18
93 86 30
46 79 78
31 39 13
82 98 67
73 61 10
67 51 8
40 88 57
97 72 67
96 95 71
94 92 97
98 3 42
95 45 61
96 77 25
90 12 57
77 81 97
94 75 93
5 24 5
97 84 65
51 45 73
91 63 77
66 98 20
58 95 84
54 90 8
15 66 30
53 74 22
58 28 79
27 19 43
40 70 84
67 69 83
88 29 43
24 59 13
12 71 61
96 4 24
59 57 56
65 9 83
89 91 59
41 19 2
12 82 47
58 67 94
76 4 19
3 89 33
70 37 13
76 58 65
32 53 11
92 9 49
62 0 7
50 24 83
22 22 37
15 89 24
39 30 85
8 25 74
39 88 25
94 83 97
74 53 27
97 75 54
40 91 30
28 29 33
65 21 81
62 58 37
63 60 67
77 88 42
32 35 31
6 21 66
17 95 69
62 47 23
51 94 42
39 94 41
93 12 48
81 8 4
21 92 34
22 96 87
11 88 21
8 98 64
71 57 11
16 65 35
89 46 13
8 72 66
45 3 8
48 36 97
17 53 42
12 51 47
53 2 13
98 35 77
36 50 32
79 62 43
65 3 35
42 93 93
35 56 29
74 6 27
33 51 38
47 62 0
24 61 29
95 36 30
77 1 25
42 21 70
72 49 56
16 76 82
12 2 50
92 19 96
0 72 73
16 49 90
31 81 8
42 21 49
35 97 82
33 9 62
78 44 8
63 17 15
8 43 18
25 24 8
26 41 12
58 61 46
13 71 26
71 46 24
13 59 12
96 47 18
97 74 96
96 71 78
13 92 66
36 66 53
24 40 31
65 5 70
64 70 56
7 69 49
96 38 5
16 40 5
32 12 67
2 14 11
72 41 25
60 91 62
71 3 56
49 59 1
19 93 22
17 67 14
53 98 17
73 17 54
58 28 57
25 74 47
81 20 41
96 72 31
28 55 18
33 46 1
23 72 73
61 10 76
90 50 49
35 0 61
27 9 45
26 58 83
86 26 55
30 61 85
57 14 20
30 67 57
66 77 30
96 60 39
12 30 48
62 1 17
72 96 79
85 83 36
58 29 22
48 37 66
1 62 82
0 95 26
25 8 24
12 8 93
35 64 6
70 62 61
13 60 15
30 30 41
65 23 8
84 84 17
41 39 46
93 64 50
40 10 36
71 18 72
86 50 72
65 80 89
67 82 39
97 20 86
50 61 40
1 54 78
21 89 85
49 90 2
98 90 18
88 92 74
68 42 26
82 20 62
10 10 93
64 58 23
6 17 31
38 31 75
71 59 92
20 43 34
94 89 97
27 90 11
78 36 11
53 98 40
61 65 72
58 4 43
46 4 57
25 16 62
80 17 64
56 73 16
86 64 87
82 37 18
12 78 21
11 12 94
1 64 50
10 50 86
23 16 3
3 97 84
11 52 64
80 72 47
35 7 18
22 87 52
65 89 85
47 20 74
36 38 62
76 89 59
26 48 76
26 7 19
84 52 51
97 13 74
42 36 92
24 87 68
53 1 47
43 82 54
89 77 50
11 76 24
30 55 43
14 14 18
25 6 2
15 39 67
80 82 77
86 58 83
83 13 82
20 45 75
82 13 72
74 3 84
96 49 79
58 8 87
98 6 25
26 67 74
70 80 8
63 76 4
57 26 30
82 57 53
76 71 37
79 90 55
15 57 90
52 62 6
13 48 42
50 26 85
26 88 53
93 45 24
23 24 15
61 76 91
62 19 27
98 35 5
0 45 52
79 41 10
88 72 7
64 33 65
80 13 98
45 97 88
48 78 54
46 51 1
1 51 93
91 32 0
65 8 12
10 46 69
67 25 44
98 95 69
87 25 74
43 60 51
37 34 97
68 67 96
80 29 2
63 54 15
3 40 68
74 76 78
48 84 13
83 57 81
94 49 51
74 31 55
0 88 39
14 8 95
48 59 5
39 18 23
3 21 17
3 61 9
79 24 78
48 62 81
70 19 16
77 16 98
57 43 72
26 38 97
65 69 67
93 88 10
8 17 53
5 58 17
9 72 21
51 90 3
23 92 90
97 52 42
49 8 29
71 76 69
90 9 63
81 25 88
29 85 6
5 25 14
87 23 42
28 66 95
44 47 70
65 48 17
95 5 18
38 7 49
69 47 84
11 19 50
20 7 48
96 54 39
85 66 14
84 31 18
71 19 23
17 63 20
93 96 79
90 26 83
79 9 64
50 95 53
80 9 94
76 9 55
71 54 13
94 46 24
77 42 11
90 27 60
1 98 71
94 26 96
79 71 55
75 54 87
1 84 56
35 94 74
39 68 72
61 82 92
74 26 92
28 72 94
57 12 0
60 33 97
62 51 61
20 21 65
34 95 46
81 23 36
63 12 80
75 47 13
58 75 45
23 15 38
12 31 8
3 51 4
35 70 35
68 57 54
94 0 85
96 79 54
11 65 1
86 28 88
23 95 25
19 44 86
28 38 88
17 40 5
67 63 67
93 68 17
68 95 87
92 55 24
48 7 0
77 47 60
19 39 55
23 52 15
91 74 17
51 38 24
84 90 94
81 98 83
24 30 88
90 85 80
81 31 21
20 53 97
14 7 27
30 59 27
89 59 33
52 83 97
84 96 3
82 28 43
2 65 63
89 2 83
82 82 84
11 45 21
4 22 24
68 79 12
81 71 30
60 48 40
33 10 25
89 6 96
0 68 40
44 62 54
30 97 91
33 74 16
97 10 89
28 93 66
71 71 8
8 97 71
2 22 97
76 95 18
27 73 89
7 49 75
93 23 51
92 6 10
8 78 59
40 31 69
11 66 53
37 57 28
80 80 51
50 9 72
88 46 72
86 21 85
89 62 98
3 42 24
79 35 17
65 68 85
79 16 57
4 44 59
18 33 20
96 84 68
34 93 9
30 40 14
86 60 32
44 95 76
21 0 38
77 95 36
69 21 2
88 49 0
55 80 74
44 71 4
48 2 4
93 24 75
88 42 80
58 49 3
54 55 32
87 62 64
50 13 87
32 45 83
77 26 91
31 97 17
60 59 6
17 58 22
18 47 67
31 92 46
42 75 63
0 62 93
35 49 35
52 27 25
13 19 30
83 29 90
80 61 73
27 66 37
3 65 93
55 86 46
58 90 79
13 56 20
18 76 15
18 61 32
38 9 25
93 42 69
88 40 72
55 52 84
91 91 51
78 81 62
39 81 70
60 43 22
96 95 24
16 38 40
76 21 87
34 56 92
88 3 52
44 48 8
83 54 86
94 26 0
19 24 92
41 16 77
14 77 18
4 13 78
70 4 82
84 58 78
51 37 74
57 68 5
88 77 73
45 80 48
68 80 61
91 92 14
87 90 42
61 47 46
18 87 80
11 61 52
38 76 38
78 30 2
5 17 88
41 67 22
12 52 24
64 75 88
97 93 70
57 89 87
38 74 63
68 57 25
54 43 20
72 1 63
90 91 68
15 84 52
54 12 78
11 28 98
45 65 54
95 18 70
57 20 75
81 97 18
4 4 9
27 74 17
18 59 60
81 52 63
82 55 5
75 77 15
38 48 44
45 14 5
29 50 71
21 32 10
12 5 29
10 79 49
91 59 24
81 14 52
48 87 36
47 11 15
93 3 40
57 16 13
5 22 37
9 5 48
84 82 34
46 54 5
82 9 92
92 0 49
3 91 85
30 70 39
34 84 96
63 87 35
54 16 42
48 30 51
63 21 56
60 48 61
48 94 67
16 65 82
89 60 83
88 10 59
62 74 68
58 61 2
64 77 21
67 63 57
35 95 65
88 27 14
95 10 90
62 12 18
86 76 0
68 37 73
92 42 37
29 95 16
78 32 77
61 4 30
8 81 32
61 4 64
54 94 75
57 0 29
0 12 69
59 9 51
83 76 35
30 78 41
64 10 51
88 2 78
81 45 45
70 97 81
16 98 26
12 25 6
48 31 78
69 78 63
20 54 23
15 14 16
39 22 53
39 19 49
27 21 16
2 50 45
21 45 97
88 67 67
4 44 89
60 50 59
64 77 49
97 63 85
41 71 71
97 68 34
24 47 44
15 64 67
26 26 63
13 88 76
42 3 67
65 40 67
39 93 82
81 85 61
29 97 31
23 49 63
52 77 37
16 29 16
2 96 27
35 67 67
12 15 11
4 98 75
93 56 36
25 53 32
69 36 11
65 10 49
22 11 88
58 55 59
58 69 70
30 41 39
73 59 26
74 89 56
60 58 66
61 87 40
8 98 65
42 11 14
95 22 90
46 34 89
83 44 40
63 26 13
70 28 54
16 88 73
77 62 27
97 2 54
33 88 87
20 95 93
5 69 92
63 49 2
19 82 8
96 14 82
41 91 75
55 36 47
96 81 63
28 32 40
71 18 75
56 66 70
65 66 86
48 18 95
16 27 84
5 55 76
66 28 26
61 23 92
67 70 72
40 59 94
97 32 96
92 34 6
47 75 76
55 71 71
95 93 61
18 60 5
20 5 6
54 13 80
32 67 64
58 21 61
72 49 84
39 23 16
59 20 26
12 28 8
60 40 7
90 79 71
12 5 19
9 72 57
87 11 21
64 45 67
26 60 81
29 82 90
0 67 53
7 27 79
82 24 75
24 1 46
30 36 67
54 30 88
28 66 15
2 59 25
60 33 47
72 91 34
60 57 56
4 53 72
52 60 27
12 61 33
96 61 26
61 80 14
20 56 67
96 5 13
56 92 22
90 12 78
49 80 95
20 95 92
44 65 80
41 62 42
88 61 72
53 40 7
38 11 10
92 79 19
76 84 52
90 47 72
81 9 53
83 16 29
8 45 51
49 40 22
24 59 80
9 68 4
55 90 92
49 36 47
25 23 27
52 78 86
3 19 21
11 0 30
72 44 74
57 61 70
92 92 45
1 84 50
11 35 56
1 87 13
61 12 31
48 8 7
41 71 12
36 58 73
37 32 33
63 19 91
13 91 85
28 25 79
19 57 45
5 16 85
53 74 78
12 83 2
47 91 5
1 64 98
65 7 98
44 28 8
31 39 39
66 14 19
47 39 36
69 31 34
13 88 55
65 6 32
2 96 85
5 28 95
51 26 36
10 10 61
75 91 85
8 37 88
25 47 92
50 47 48
13 63 21
7 66 35
81 6 32
35 84 38
66 27 8
45 26 61
66 11 48
85 12 11
17 88 18
34 0 97
11 4 37
7 67 77
30 63 4
63 56 60
61 68 42
57 8 84
1 33 18
51 95 58
41 79 26
94 89 88
51 63 85
43 35 72
66 23 65
59 57 25
20 10 73
69 10 96
13 27 50
97 94 21
32 72 52
89 80 3
67 58 59
29 6 79
14 91 63
94 75 70
67 36 48
16 77 52
31 25 36
32 8 70
16 67 75
56 8 21
12 69 92
16 57 36
7 14 23
45 29 76
79 37 85
64 64 51
51 10 78
12 74 39
97 71 83
63 25 95
40 77 55
31 47 70
11 69 20
23 20 11
5 34 27
44 2 5
76 85 21
9 55 14
22 33 87
64 62 87
85 91 86
20 45 26
19 24 67
7 7 15
79 73 91
24 28 13
91 72 47
96 91 75
65 20 93
64 20 34
61 38 6
61 96 88
30 83 68
15 10 3
57 55 11
61 21 91
3 36 34
7 86 46
59 64 76
0 81 54
64 6 9
87 0 8
3 63 1
58 6 22
18 87 70
15 65 10
63 46 91
25 64 40
47 2 75
43 45 26
72 87 59
0 49 35
27 53 93
16 10 54
52 54 30
88 64 70
63 68 48
92 75 92
78 67 66
92 17 7
2 98 78
13 51 31
74 61 38
41 16 67
34 26 95
15 14 22
76 71 52
40 14 25
1 19 76
83 55 12
43 33 71
32 75 0
87 25 75
31 77 13
15 29 65
18 58 85
56 1 98
10 95 14
97 8 16
12 70 29
75 54 21
61 35 25
64 19 93
94 4 42
39 91 85
37 20 86
45 8 97
20 18 73
6 67 30
19 48 13
86 36 81
55 87 17
84 93 9
10 77 16
20 14 5
62 35 32
71 59 48
93 51 25
41 46 51
36 35 47
29 52 54
64 94 68
45 78 52
6 55 96
90 65 24
89 16 37
42 29 8
43 97 76
58 15 59
88 78 70
2 14 24
41 70 67
7 70 82
77 65 93
84 61 17
85 8 2
86 74 27
62 13 86
68 49 47
72 72 78
97 70 96
52 63 17
58 68 0
46 6 52
13 64 19
91 91 94
45 94 16
76 67 48
36 57 81
93 4 97
83 68 27
90 84 8
67 12 84
34 51 11
30 31 27
3 1 3
27 13 82
33 95 78
1 36 10
6 11 50
84 97 8
11 13 87
29 81 44
42 19 86
84 14 50
47 88 44
50 2 31
73 44 38
47 13 72
64 14 90
14 0 24
0 62 89
85 30 59
58 76 22
89 35 32
19 64 76
8 84 3
97 43 98
9 53 20
21 62 3
94 12 56
0 6 75
40 52 65
21 23 56
35 38 24
5 69 31
42 19 41
17 37 78
49 3 31
71 90 20
71 29 6
42 38 64
19 74 74
2 70 2
28 87 71
16 77 90
80 80 44
51 36 74
71 54 37
3 82 73
63 82 4
79 52 90
72 94 12
67 79 3
71 52 47
70 54 96
20 98 92
89 51 48
74 77 58
50 77 27
20 52 73
42 7 90
96 50 9
24 96 3
79 3 25
23 7 22
97 94 32
40 76 65
69 20 46
28 68 66
24 26 33
62 14 49
26 86 81
93 34 76
90 78 75
66 14 8
33 30 54
3 33 69
26 96 24
69 12 69
97 62 69
8 11 26
32 33 66
31 88 80
7 30 83
92 42 85
49 96 4
68 59 97
44 24 54
40 15 92
9 73 76
80 40 63
70 48 33
52 2 1
13 42 92
84 16 52
18 50 9
69 84 57
17 40 52
81 32 66
31 27 35
9 33 19
76 28 56
39 73 50
70 53 7
81 1 15
91 52 24
20 42 34
98 68 79
41 50 69
19 27 21
43 18 76
46 0 26
58 45 67
79 11 35
54 3 29
90 27 38
43 3 34
84 37 98
70 18 72
87 35 29
6 30 58
7 54 36
96 24 85
87 47 38
38 27 55
36 58 62
31 62 5
38 10 49
68 7 50
5 81 35
72 60 32
36 14 64
17 71 92
77 70 68
18 96 51
55 13 22
51 71 19
41 26 21
98 94 42
32 92 39
62 28 90
10 58 58
63 69 45
63 86 22
13 14 84
63 81 2
63 30 24
35 71 70
55 6 79
20 21 49
63 52 56
59 71 4
39 59 59
51 66 63
77 24 92
83 98 3
38 55 26
32 85 32
51 12 13
72 0 18
37 84 23
20 79 73
58 90 90
56 0 90
39 59 36
84 63 68
85 62 91
93 48 97
81 36 24
60 29 10
52 62 45
30 77 24
9 34 81
20 62 69
55 89 91
39 52 43
17 79 47
18 83 66
42 55 74
69 5 69
21 30 78
7 7 7
81 71 36
52 34 72
31 33 49
44 87 2
14 43 43
13 32 82
24 59 3
16 69 64
86 17 5
22 12 33
93 87 30
43 73 76
78 79 8
82 84 11
27 98 68
94 1 42
75 10 72
77 84 40
5 44 6
51 25 81
92 73 2
16 19 77
63 34 51
19 6 39
5 37 2
26 80 4
79 91 79
78 77 91
17 65 83
56 44 34
98 91 65
90 62 67
54 13 2
66 9 47
85 54 95
85 71 92
51 12 52
60 43 3
87 55 86
14 93 38
41 93 40
71 48 62
55 69 43
72 86 31
4 27 73
70 69 34
29 87 33
80 87 97
24 30 20
69 76 6
92 37 61
5 67 65
70 51 92
46 89 83
44 94 13
55 75 9
31 32 22
58 86 66
73 24 56
42 85 9
87 25 76
70 15 8
17 0 76
64 44 95
7 55 1
43 22 6
79 43 20
24 67 91
83 1 65
63 43 30
93 52 42
10 17 24
0 14 55
35 58 76
21 21 56
72 45 57
1 88 61
39 78 82
60 45 85
79 6 6
22 55 17
8 73 91
8 17 86
78 13 51
50 50 2
87 67 44
41 31 75
78 89 60
42 32 52
5 77 69
95 17 71
61 37 57
96 74 38
49 26 49
2 27 27
93 43 79
9 34 66
81 4 93
71 65 72
98 90 89
70 40 75
68 38 17
29 33 73
90 71 59
55 34 33
90 66 45
3 72 78
73 24 3
28 80 74
58 5 53
40 84 75
45 91 70
98 18 8
45 8 60
76 1 17
96 21 89
13 79 34
71 66 3
93 88 25
32 77 82
1 41 4
85 49 43
91 54 67
27 41 4
15 25 15
39 7 42
85 64 4
6 6 87
84 18 47
14 7 9
81 13 29
41 1 11
74 57 49
51 76 58
54 44 65
83 21 27
16 7 63
30 82 19
33 4 8
46 35 79
97 31 54
2 96 43
15 17 42
27 67 26
95 76 59
21 72 57
35 76 98
54 35 19
61 7 58
40 92 35
52 55 67
58 42 53
35 76 0
24 4 22
18 12 56
57 53 90
38 46 82
52 50 86
46 98 97
42 10 56
58 40 1
9 82 76
0 61 1
78 48 69
87 13 67
14 71 25
68 16 17
30 90 12
49 17 97
3 25 61
14 89 40
11 0 15
13 4 53
94 24 4
2 78 23
22 20 17
42 26 49
17 29 61
9 59 34
65 32 66
50 28 95
73 18 34
74 86 72
26 71 93
31 33 39
96 26 27
95 46 79
16 31 70
32 54 48
61 48 95
19 52 11
84 81 79
19 0 7
56 52 95
9 13 69
27 44 76
3 29 90
90 28 13
72 20 67
58 95 66
0 50 55
80 38 96
66 11 73
57 33 84
1 17 9
15 62 10
70 0 91
56 21 88
28 13 29
13 79 4
54 76 84
48 6 9
34 30 8
16 14 82
28 51 16
62 85 72
82 26 24
7 38 55
9 50 72
87 80 15
15 90 25
85 12 49
72 55 18
34 8 92
55 65 12
35 20 13
84 39 2
79 8 36
27 54 94
0 73 64
95 47 87
56 31 55
93 74 87
56 28 28
62 94 26
20 24 29
54 36 4
4 95 96
10 94 90
57 29 53
80 93 25
70 16 98
68 30 35
28 35 82
95 53 39
80 80 94
60 27 88
55 16 53
71 85 32
87 54 49
20 55 48
4 14 59
36 14 15
13 46 49
88 10 98
43 26 2
26 63 89
21 7 42
37 7 97
6 91 15
56 60 42
15 6 78
44 89 82
15 64 67
19 66 8
80 95 48
58 46 36
27 21 70
29 98 36
23 54 10
97 68 69
91 23 94
71 94 68
68 53 12
67 33 18
61 91 1
25 90 55
13 12 29
66 76 79
95 26 7
51 36 39
33 51 28
86 8 71
26 65 64
82 79 14
40 95 24
81 38 34
15 26 14
22 58 13
48 34 67
8 88 34
96 18 89
6 97 61
97 9 94
94 72 36
34 22 81
20 51 11
86 41 23
4 4 54
31 4 43
24 47 46
61 87 89
11 58 32
20 89 28
16 41 64
92 42 73
71 36 36
72 53 56
13 84 40
25 94 71
22 82 81
94 90 6
64 72 15
98 8 13
94 28 70
16 85 83
93 10 96
82 71 28
42 75 13
66 44 2
76 93 93
5 13 92
13 52 36
85 83 54
88 72 76
26 79 98
97 39 11
82 78 40
17 71 18
35 9 80
4 90 24
5 41 61
77 23 86
84 20 61
36 45 57
88 57 42
47 66 27
71 90 2
65 7 9
13 43 16
41 62 80
92 65 15
20 62 64
2 48 50
31 24 47
32 8 3
62 60 51
57 38 8
39 76 91
17 96 97
37 78 7
82 77 71
34 96 31
49 54 98
97 73 91
73 89 83
95 92 56
66 62 1
4 36 16
73 2 4
6 41 70
96 93 11
36 5 91
9 34 45
86 46 84
84 1 63
84 94 60
84 10 43
3 22 89
48 50 38
59 17 41
40 19 29
98 95 63
82 97 10
5 26 61
4 61 90
61 79 15
84 0 44
16 39 14
47 79 1
91 77 16
25 64 30
93 21 48
9 16 86
21 44 23
62 72 93
98 72 82
56 48 71
95 9 87
58 83 83
93 35 1
95 70 17
65 13 56
82 94 81
58 22 43
97 5 20
37 68 20
70 61 68
51 22 29
90 57 52
6 83 16
66 25 80
57 97 1
95 29 22
20 5 61
30 41 73
93 43 4
17 79 58
74 16 71
88 97 78
52 34 42
16 56 18
7 22 68
70 5 50
38 50 55
3 32 83
54 53 23
96 56 33
26 7 54
39 60 14
98 39 33
39 87 33
62 91 33
97 34 90
54 48 69
38 20 95
48 54 86
95 57 76
89 34 13
74 43 77
61 76 16
28 44 19
93 54 57
70 70 63
50 10 83
15 63 35
44 50 46
86 2 28
57 79 3
17 59 27
83 68 29
45 89 68
85 70 85
92 15 57
29 52 10
11 68 61
56 77 2
91 52 13
66 30 30
40 24 78
42 60 82
54 86 58
11 37 60
39 41 48
67 91 33
20 11 98
50 23 1
85 3 85
21 62 83
40 41 11
9 8 29
33 0 2
24 53 22
89 65 19
63 21 16
32 2 14
73 88 18
64 25 0
64 67 89
75 3 5
10 98 10
63 94 74
54 94 77
2 77 42
84 47 68
65 12 20
92 60 80
37 51 93
78 85 19
59 85 24
93 43 79
39 97 71
37 23 82
46 92 48
46 81 68
25 63 40
24 39 6
33 38 70
48 34 24
4 14 77
22 96 26
7 81 13
46 66 88
42 90 5
82 79 41
76 82 12
1 58 43
86 73 16
36 26 61
58 3 76
69 58 8
76 84 22
43 38 17
3 81 57
75 14 90
21 61 41
6 46 73
20 79 45
8 11 75
81 23 91
78 36 9
16 62 94
2 29 81
97 20 22
19 83 64
93 17 62
48 90 3
45 79 8
95 34 52
92 36 24
96 55 10
49 52 20
7 82 73
45 12 40
8 91 45
8 41 40
27 61 19
47 84 43
32 1 85
9 28 77
70 58 49
30 49 2
38 60 57
72 50 78
59 8 85
84 36 12
77 15 14
10 38 92
18 71 87
10 81 51
2 31 5
89 77 54
15 52 39
14 16 72
19 77 88
26 24 89
5 42 18
12 30 16
34 69 15
75 24 43
39 13 0
76 50 10
30 48 96
25 87 60
81 25 97
6 35 47
56 28 98
3 65 61
38 72 2
73 54 85
58 87 53
51 93 44
32 13 20
15 47 62
21 79 41
86 17 75
84 13 10
8 6 95
91 10 60
91 27 37
22 15 58
6 58 25
6 60 42
75 24 38
53 13 94
17 40 39
41 24 18
95 1 21
0 93 32
16 10 17
57 75 20
39 86 95
5 8 0
60 47 81
28 72 10
9 69 61
7 66 3
6 48 58
88 98 95
83 39 92
81 30 68
9 70 65
10 92 86
33 16 97
38 93 75
46 45 94
98 42 74
83 13 10
44 16 71
62 26 42
30 13 28
5 8 5
3 56 90
62 53 75
45 14 62
28 1 57
67 85 22
21 56 85
24 57 32
30 27 27
29 51 85
58 76 36
11 64 52
82 1 66
73 79 74
77 27 13
40 30 84
7 92 25
82 60 69
84 7 58
35 90 58
96 27 77
19 68 29
61 19 11
50 83 88
5 62 79
95 50 63
95 77 84
23 20 85
82 85 71
0 15 11
79 42 88
98 91 1
73 68 34
78 35 14
6 53 38
52 52 42
32 11 45
29 92 7
18 57 77
49 63 97
7 38 51
45 22 66
66 13 68
83 22 30
61 55 20
36 46 74
69 97 1
95 50 62
30 54 81
2 19 72
56 14 13
33 23 16
33 59 53
65 19 8
8 70 87
36 47 28
56 78 33
80 62 67
89 42 84
53 26 34
31 86 88
79 60 83
81 6 38
67 12 34
63 2 79
90 2 56
76 49 45
81 68 32
43 0 50
4 14 71
76 33 12
89 52 77
70 39 23
22 52 65
43 14 92
54 21 6
62 62 15
41 64 55
44 78 0
17 54 92
42 26 34
98 3 4
97 34 77
29 64 77
5 86 62
43 2 50
21 64 69
7 93 31
9 20 91
4 12 16
16 8 83
60 35 34
39 44 1
66 91 77
43 83 84
52 18 6
66 81 36
24 46 50
79 20 14
36 80 97
4 63 51
98 46 63
13 72 74
72 75 75
32 81 88
74 25 30
21 23 65
6 97 44
22 94 84
97 68 43
65 28 8
78 79 91
53 53 98
47 90 64
3 42 24
61 66 18
17 22 70
40 69 73
27 85 3
43 4 5
40 68 58
5 20 63
38 84 49
33 5 41
52 81 25
70 73 85
49 12 28
13 73 51
92 21 36
59 33 73
98 83 80
23 7 90
77 25 94
3 40 47
39 59 37
46 82 73
11 67 25
6 53 62
57 2 77
59 13 15
41 33 5
9 13 70
32 55 31
23 89 36
7 44 94
58 71 2
18 37 29
17 66 10
32 86 93
76 86 77
19 87 50
82 32 35
10 63 45
25 67 81
9 94 20
65 4 60
53 98 88
8 81 0
66 77 50
33 78 40
4 84 9
20 0 54
53 5 86
16 23 60
13 95 17
29 22 77
38 49 85
91 79 67
89 28 46
42 55 61
42 1 52
71 87 24
12 59 38
73 30 82
67 64 5
10 91 61
89 66 29
91 38 40
37 70 91
1 6 11
66 57 82
0 4 94
87 64 69
29 47 17
28 4 75
10 93 12
76 19 96
23 12 37
59 2 74
95 35 11
66 37 25
28 62 0
11 31 35
97 97 71
94 42 74
85 75 79
87 27 44
65 68 16
36 72 73
50 66 52
50 77 67
64 73 33
44 31 49
55 20 10
94 77 79
95 0 47
0 45 46
77 77 94
21 74 75
1 96 2
8 23 70
66 95 13
97 95 21
54 75 97
3 34 82
16 78 86
1 45 37
0 26 29
87 24 78
39 76 98
35 66 80
69 45 26
32 68 59
98 20 71
24 25 67
73 83 4
52 21 66
85 23 44
54 14 81
26 35 50
94 71 76
11 12 61
90 47 35
63 41 0
26 17 18
62 5 62
7 35 21
27 11 19
97 41 97
62 19 75
30 33 44
0 9 44
34 7 41
98 38 55
86 82 7
34 93 70
98 28 96
26 62 25
85 40 43
33 53 7
88 61 76
59 67 96
80 23 33
70 4 37
31 34 46
29 73 35
18 12 43
22 93 39
9 59 55
44 68 77
18 75 39
74 9 17
46 35 8
63 80 93
84 32 92
1 33 10
72 80 66
9 79 62
38 19 31
0 37 2
33 25 17
5 5 93
43 13 65
51 67 93
86 67 87
18 53 1
81 13 26
90 54 16
19 55 77
70 51 74
47 77 43
74 98 78
23 32 48
52 10 41
6 0 5
93 95 51
22 62 62
40 86 16
2 70 30
51 82 28
25 16 69
72 80 28
79 35 76
58 86 89
20 76 76
4 24 47
47 81 74
51 26 45
63 41 61
29 39 47
64 40 94
7 12 86
44 67 12
52 59 98
24 63 24
67 47 11
91 51 42
50 34 15
34 79 49
4 38 41
97 28 73
65 88 28
58 59 11
68 31 17
97 83 39
34 96 53
95 70 48
4 93 11
96 29 29
52 29 55
98 5 97
54 10 79
53 43 25
54 92 44
34 54 33
17 43 88
31 91 88
45 82 85
68 3 67
9 68 73
16 6 93
55 79 92
56 98 67
0 85 50
30 92 28
11 14 75
58 43 52
17 19 59
42 5 47
91 57 38
2 59 27
36 61 83
70 55 1
97 71 96
56 25 11
81 35 86
98 45 40
75 22 20
8 57 58
44 48 1
24 55 90
94 34 79
34 87 56
15 78 64
70 22 49
26 13 57
61 55 69
10 45 95
71 34 17
81 66 27
82 97 81
95 27 96
17 48 52
46 46 44
83 33 8
40 69 83
89 23 32
63 55 76
52 79 75
0 44 89
69 21 79
74 33 96
52 51 34
48 17 0
52 40 11
28 84 98
48 68 60
44 25 10
21 41 87
80 79 40
37 73 53
31 43 62
78 31 39
9 61 71
22 83 11
93 56 74
66 38 78
78 31 23
44 60 61
4 85 68
39 74 29
76 57 88
67 20 56
79 24 96
35 80 86
21 57 1
85 4 50
89 0 38
27 13 95
38 96 29
49 82 27
29 66 64
36 7 29
30 59 78
72 49 51
13 30 28
16 66 14
21 22 63
54 60 46
57 73 69
57 72 41
44 34 63
87 24 14
84 4 57
91 42 54
61 29 93
32 7 73
71 41 72
46 9 56
8 45 74
9 51 9
88 55 97
31 51 67
36 39 45
8 56 93
87 53 23
95 89 82
64 86 46
33 6 69
42 19 39
66 27 35
81 41 14
56 71 15
44 98 79
17 92 55
80 44 0
11 57 6
87 94 27
45 35 26
33 81 91
16 13 35
45 80 19
62 48 19
76 80 46
50 79 10
94 22 11
32 18 12
55 38 52
74 71 89
42 14 1
86 83 28
2 23 63
21 41 76
22 68 96
12 47 1
14 42 89
34 96 37
87 68 43
74 82 6
62 68 47
88 86 36
13 65 20
92 66 32
73 52 81
86 64 58